buy-intercept-value = 7397.5638318281
vector-of-alphas-buy = -2405.17847983621,-4992.86534652792,
sell-intercept-value = -7586.65684913576
vector-of-alphas-sell = 3788.74831775245,3797.82253685439,
